R1 = 
R2 = 453
Is = 6.0811
V0 = 150